6.363636363636363535e-01
7.136363636363636243e-01
6.781818181818182190e-01
7.500000000000000000e-01
6.818181818181817677e-01
7.490909090909091406e-01
8.218181818181817810e-01
8.672727272727273062e-01
8.945454545454545325e-01
9.672727272727272840e-01
9.772727272727272929e-01
9.881818181818181612e-01
9.954545454545454808e-01
9.972727272727273107e-01
6.863636363636363980e-01
6.854545454545454275e-01
6.681818181818182101e-01
6.545454545454545414e-01
6.418181818181818432e-01
6.418181818181818432e-01
6.418181818181818432e-01
6.418181818181818432e-01
6.418181818181818432e-01
