6.666666666666666297e-01
7.174887892376681231e-01
6.932409012131716119e-01
7.441860465116278966e-01
6.956521739130435700e-01
7.434944237918216237e-01
8.032128514056225965e-01
8.456659619450316301e-01
8.733624454148471994e-01
9.569377990430621983e-01
9.696969696969697239e-01
9.840098400984010896e-01
9.937888198757763858e-01
9.962640099626400847e-01
2.417582417582417875e-01
2.378854625550660962e-01
1.609195402298850552e-01
9.523809523809523281e-02
2.955665024630542079e-02
2.955665024630542079e-02
2.955665024630542079e-02
2.955665024630542079e-02
2.955665024630542079e-02
