1.000000000000000000e+00
1.000000000000000000e+00
1.000000000000000000e+00
1.000000000000000000e+00
1.000000000000000000e+00
1.000000000000000000e+00
1.000000000000000000e+00
1.000000000000000000e+00
1.000000000000000000e+00
1.000000000000000000e+00
1.000000000000000000e+00
1.000000000000000000e+00
1.000000000000000000e+00
1.000000000000000000e+00
1.375000000000000111e-01
1.350000000000000089e-01
8.749999999999999445e-02
5.000000000000000278e-02
1.499999999999999944e-02
1.499999999999999944e-02
1.499999999999999944e-02
1.499999999999999944e-02
1.499999999999999944e-02
