5.000000000000000000e-01
5.594405594405594817e-01
5.305039787798409012e-01
5.925925925925925597e-01
5.333333333333333259e-01
5.917159763313609711e-01
6.711409395973154668e-01
7.326007326007325515e-01
7.751937984496124479e-01
9.174311926605505096e-01
9.411764705882352811e-01
9.685230024213075106e-01
9.876543209876542662e-01
9.925558312655087256e-01
1.000000000000000000e+00
1.000000000000000000e+00
1.000000000000000000e+00
1.000000000000000000e+00
1.000000000000000000e+00
1.000000000000000000e+00
1.000000000000000000e+00
1.000000000000000000e+00
1.000000000000000000e+00
