8.054545454545454231e-01
7.509090909090908594e-01
9.290909090909090784e-01
8.463636363636363180e-01
9.590909090909091050e-01
9.790909090909091228e-01
9.827272727272727826e-01
9.909090909090909616e-01
9.945454545454545103e-01
9.945454545454545103e-01
9.936363636363636509e-01
9.972727272727273107e-01
9.972727272727273107e-01
9.972727272727273107e-01
9.981818181818181701e-01
9.981818181818181701e-01
9.981818181818181701e-01
9.981818181818181701e-01
9.990909090909091406e-01
9.990909090909091406e-01
9.990909090909091406e-01
9.990909090909091406e-01
7.518181818181818299e-01
