7.889546351084812947e-01
7.448789571694598433e-01
9.111617312072892716e-01
8.255933952528380360e-01
9.467455621301774649e-01
9.720534629404616878e-01
9.768009768009768834e-01
9.876543209876542662e-01
9.925558312655086146e-01
9.925558312655086146e-01
9.913258983890953502e-01
9.962640099626400847e-01
9.962640099626400847e-01
9.962640099626400847e-01
9.975062344139651316e-01
9.975062344139651316e-01
9.975062344139651316e-01
9.975062344139651316e-01
9.987515605493133553e-01
9.987515605493133553e-01
9.987515605493133553e-01
9.987515605493133553e-01
4.819734345351043836e-01
