6.514657980456025621e-01
5.934718100890207237e-01
8.368200836820083310e-01
7.029876977152900164e-01
8.988764044943819975e-01
9.456264775413711909e-01
9.546539379474939802e-01
9.756097560975609539e-01
9.852216748768473087e-01
9.852216748768473087e-01
9.828009828009828253e-01
9.925558312655087256e-01
9.925558312655087256e-01
9.925558312655087256e-01
9.950248756218905699e-01
9.950248756218905699e-01
9.950248756218905699e-01
9.950248756218905699e-01
9.975062344139651316e-01
9.975062344139651316e-01
9.975062344139651316e-01
9.975062344139651316e-01
1.000000000000000000e+00
