7.081818181818181346e-01
7.609090909090908683e-01
6.536363636363636820e-01
7.390909090909091317e-01
8.481818181818181479e-01
8.836363636363636642e-01
9.118181818181818610e-01
9.845454545454545014e-01
9.890909090909091317e-01
9.918181818181818210e-01
9.945454545454545103e-01
9.954545454545454808e-01
9.963636363636363402e-01
9.963636363636363402e-01
9.990909090909091406e-01
6.409090909090908728e-01
6.436363636363636731e-01
9.990909090909091406e-01
9.990909090909091406e-01
9.990909090909091406e-01
9.990909090909091406e-01
9.990909090909091406e-01
8.381818181818181390e-01
