7.136485280999107506e-01
7.525870178739415550e-01
6.773920406435224306e-01
7.359705611775528844e-01
8.273009307135470447e-01
8.620689655172413257e-01
8.918617614269789273e-01
9.791921664626682675e-01
9.852216748768473087e-01
9.888751545117427932e-01
9.925558312655086146e-01
9.937888198757763858e-01
9.950248756218905699e-01
9.950248756218905699e-01
9.987515605493133553e-01
2.469135802469136012e-02
3.921568627450980338e-02
9.987515605493133553e-01
9.987515605493133553e-01
9.987515605493133553e-01
9.987515605493133553e-01
9.987515605493133553e-01
7.138263665594855034e-01
