5.547850208044382558e-01
6.033182503770738725e-01
5.121638924455825803e-01
5.822416302765647256e-01
7.054673721340387615e-01
7.575757575757575690e-01
8.048289738430584039e-01
9.592326139088729331e-01
9.708737864077670032e-01
9.779951100244498319e-01
9.852216748768473087e-01
9.876543209876542662e-01
9.900990099009900902e-01
9.900990099009900902e-01
9.975062344139651316e-01
1.000000000000000000e+00
1.000000000000000000e+00
9.975062344139651316e-01
9.975062344139651316e-01
9.975062344139651316e-01
9.975062344139651316e-01
9.975062344139651316e-01
1.000000000000000000e+00
