8.245454545454545814e-01
9.090909090909090606e-01
7.736363636363636775e-01
7.581818181818181790e-01
7.745454545454545370e-01
7.518181818181818299e-01
7.972727272727272441e-01
8.181818181818182323e-01
8.599999999999999867e-01
8.772727272727273151e-01
9.290909090909090784e-01
9.918181818181818210e-01
9.936363636363636509e-01
9.981818181818181701e-01
9.990909090909091406e-01
9.990909090909091406e-01
9.990909090909091406e-01
9.990909090909091406e-01
9.990909090909091406e-01
9.990909090909091406e-01
9.990909090909091406e-01
9.990909090909091406e-01
9.990909090909091406e-01
