8.056394763343404097e-01
8.888888888888889506e-01
7.626310772163965579e-01
7.504690431519699390e-01
7.633587786259541375e-01
7.455731593662627832e-01
7.820136852394916627e-01
8.000000000000000444e-01
8.385744234800839303e-01
8.556149732620320636e-01
9.111617312072892716e-01
9.888751545117427932e-01
9.913258983890953502e-01
9.975062344139651316e-01
9.987515605493133553e-01
9.987515605493133553e-01
9.987515605493133553e-01
9.987515605493133553e-01
9.987515605493133553e-01
9.987515605493133553e-01
9.987515605493133553e-01
9.987515605493133553e-01
9.987515605493133553e-01
