6.745362563237774500e-01
8.000000000000000444e-01
6.163328197226501937e-01
6.006006006006006093e-01
6.172839506172839164e-01
5.943536404160475461e-01
6.420545746388442998e-01
6.666666666666666297e-01
7.220216606498195411e-01
7.476635514018691309e-01
8.368200836820083310e-01
9.779951100244498319e-01
9.828009828009828253e-01
9.950248756218905699e-01
9.975062344139651316e-01
9.975062344139651316e-01
9.975062344139651316e-01
9.975062344139651316e-01
9.975062344139651316e-01
9.975062344139651316e-01
9.975062344139651316e-01
9.975062344139651316e-01
9.975062344139651316e-01
