7.299999999999999822e-01
7.536363636363636598e-01
7.681818181818181879e-01
7.836363636363636864e-01
6.918181818181817766e-01
7.272727272727272929e-01
8.245454545454545814e-01
9.145454545454545503e-01
9.190909090909090695e-01
9.463636363636364068e-01
9.699999999999999734e-01
9.881818181818181612e-01
9.909090909090909616e-01
9.936363636363636509e-01
9.945454545454545103e-01
9.963636363636363402e-01
9.981818181818181701e-01
9.990909090909091406e-01
9.990909090909091406e-01
9.990909090909091406e-01
9.990909090909091406e-01
9.990909090909091406e-01
9.990909090909091406e-01
