7.292616226071103602e-01
7.469654528478056887e-01
7.582938388625591886e-01
7.707129094412331627e-01
7.023705004389816375e-01
7.272727272727272929e-01
8.056394763343404097e-01
8.948545861297538817e-01
8.998875140607424106e-01
9.313154831199068617e-01
9.603841536614645680e-01
9.840098400984010896e-01
9.876543209876542662e-01
9.913258983890953502e-01
9.925558312655086146e-01
9.950248756218905699e-01
9.975062344139651316e-01
9.987515605493133553e-01
9.987515605493133553e-01
9.987515605493133553e-01
9.987515605493133553e-01
9.987515605493133553e-01
9.987515605493133553e-01
