5.738880918220946592e-01
5.961251862891207010e-01
6.106870229007633766e-01
6.269592476489028732e-01
5.412719891745602085e-01
5.714285714285713969e-01
6.745362563237774500e-01
8.097165991902833815e-01
8.179959100204499123e-01
8.714596949891068034e-01
9.237875288683602415e-01
9.685230024213075106e-01
9.756097560975609539e-01
9.828009828009828253e-01
9.852216748768473087e-01
9.900990099009900902e-01
9.950248756218905699e-01
9.975062344139651316e-01
9.975062344139651316e-01
9.975062344139651316e-01
9.975062344139651316e-01
9.975062344139651316e-01
9.975062344139651316e-01
