9.218181818181818699e-01
9.363636363636363980e-01
8.727272727272726849e-01
9.263636363636363891e-01
9.499999999999999556e-01
9.636363636363636243e-01
9.809090909090909527e-01
9.881818181818181612e-01
9.899999999999999911e-01
9.954545454545454808e-01
9.963636363636363402e-01
9.954545454545454808e-01
9.954545454545454808e-01
9.981818181818181701e-01
9.981818181818181701e-01
9.981818181818181701e-01
9.981818181818181701e-01
9.990909090909091406e-01
9.990909090909091406e-01
9.990909090909091406e-01
9.990909090909091406e-01
9.990909090909091406e-01
9.990909090909091406e-01
