9.029345372460496622e-01
9.195402298850575695e-01
8.510638297872340496e-01
9.080590238365493505e-01
9.356725146198829890e-01
9.523809523809523281e-01
9.744214372716198946e-01
9.840098400984010896e-01
9.864364981504315510e-01
9.937888198757763858e-01
9.950248756218905699e-01
9.937888198757763858e-01
9.937888198757763858e-01
9.975062344139651316e-01
9.975062344139651316e-01
9.975062344139651316e-01
9.975062344139651316e-01
9.987515605493133553e-01
9.987515605493133553e-01
9.987515605493133553e-01
9.987515605493133553e-01
9.987515605493133553e-01
9.987515605493133553e-01
