8.230452674897119625e-01
8.510638297872340496e-01
7.407407407407406996e-01
8.316008316008316470e-01
8.791208791208791062e-01
9.090909090909090606e-01
9.501187648456056456e-01
9.685230024213075106e-01
9.732360097323601300e-01
9.876543209876542662e-01
9.900990099009900902e-01
9.876543209876542662e-01
9.876543209876542662e-01
9.950248756218905699e-01
9.950248756218905699e-01
9.950248756218905699e-01
9.950248756218905699e-01
9.975062344139651316e-01
9.975062344139651316e-01
9.975062344139651316e-01
9.975062344139651316e-01
9.975062344139651316e-01
9.975062344139651316e-01
