8.345454545454545903e-01
9.109090909090908905e-01
6.454545454545455030e-01
7.136363636363636243e-01
6.609090909090908905e-01
6.581818181818182012e-01
6.909090909090909172e-01
7.272727272727272929e-01
7.481818181818181701e-01
7.545454545454545192e-01
7.772727272727272263e-01
8.136363636363636020e-01
8.245454545454545814e-01
8.381818181818181390e-01
8.681818181818181657e-01
9.118181818181818610e-01
9.163636363636363802e-01
9.190909090909090695e-01
9.218181818181818699e-01
9.990909090909091406e-01
9.990909090909091406e-01
9.990909090909091406e-01
9.990909090909091406e-01
