8.146639511201629880e-01
8.908685968819599621e-01
6.722689075630252642e-01
7.174887892376681231e-01
6.820119352088661602e-01
6.802721088435373931e-01
7.017543859649123528e-01
7.272727272727272929e-01
7.428040854224698952e-01
7.476635514018691309e-01
7.655502392344497586e-01
7.960199004975124781e-01
8.056394763343404097e-01
8.179959100204499123e-01
8.465608465608466249e-01
8.918617614269789273e-01
8.968609865470852371e-01
8.998875140607424106e-01
9.029345372460496622e-01
9.987515605493133553e-01
9.987515605493133553e-01
9.987515605493133553e-01
9.987515605493133553e-01
