6.872852233676975953e-01
8.032128514056224855e-01
5.063291139240506666e-01
5.594405594405594817e-01
5.174644243208279537e-01
5.154639175257731409e-01
5.405405405405405705e-01
5.714285714285713969e-01
5.908419497784342944e-01
5.970149253731342753e-01
6.201550387596899139e-01
6.611570247933884481e-01
6.745362563237774500e-01
6.920415224913494256e-01
7.339449541284404077e-01
8.048289738430584039e-01
8.130081300813007950e-01
8.179959100204499123e-01
8.230452674897119625e-01
9.975062344139651316e-01
9.975062344139651316e-01
9.975062344139651316e-01
9.975062344139651316e-01
